19 23 25 43 46 54
05 17 36 40 46 50
20 25 27 39 45 55
12 18 20 25 27 52
01 02 14 32 33 41
08 12 42 47 51 52
15 22 38 39 43 53
01 25 29 37 40 54
04 07 08 12 23 31
06 24 30 31 47 49
01 02 07 10 13 19
18 26 38 39 47 51
13 16 32 33 35 43
13 16 21 30 32 39
08 39 45 47 49 51
05 10 14 20 26 51
20 23 27 36 38 44
01 10 29 34 43 55
17 25 31 35 41 42 
01 05 09 13 18 27
07 21 22 41 43 46
11 15 32 34 46 48
07 08 50 52 53 54
10 19 20 29 34 41
08 10 12 22 25 55
06 08 09 28 33 53
01 02 11 21 22 23
02 12 13 33 44 52
20 31 34 36 47 52
10 13 28 35 40 42
12 18 32 40 51 53
34 39 40 42 54 55
12 17 21 25 33 40
18 23 25 37 39 40
02 06 22 23 38 51
09 17 21 48 53 55
07 20 34 36 41 46
